0  83.228
44.1  117.793
88.2  45.5115
132.3  18.5651
176.4  29.2295
220.5  12.164
264.6  21.5754
308.7  4.86507
352.8  0.825061
396.9  9.50965
441  6.86423
485.1  1.66238
529.2  4.0411
573.3  4.81511
617.4  1.47117
661.5  4.02248
705.6  3.15678
749.7  2.35366
793.8  4.97137
837.9  3.75784
882  2.40478
926.1  4.6574
970.2  1.72532
1014.3  2.63996
1058.4  1.87217
1102.5  2.17128
1146.6  1.58492
1190.7  2.20293
1234.8  2.34865
1278.9  3.44092
1323  6.00061
1367.1  2.70866
1411.2  1.3409
1455.3  1.64656
1499.4  2.64217
1543.5  3.8703
1587.6  5.15158
1631.7  1.45979
1675.8  1.8695
1719.9  1.07323
1764  0.17022
1808.1  2.75143
1852.2  3.07824
1896.3  2.88869
1940.4  0.804716
1984.5  1.45053
2028.6  1.23444
2072.7  5.71922
2116.8  3.84062
2160.9  2.51046
2205  1.52799
2249.1  3.73223
2293.2  3.17439
2337.3  3.11266
2381.4  1.62423
2425.5  1.51374
2469.6  0.892164
2513.7  1.58258
2557.8  1.38855
2601.9  1.76667
2646  1.26565
2690.1  1.08862
2734.2  1.2664
2778.3  1.70508
2822.4  1.05176
2866.5  0.349502
2910.6  0.628099
2954.7  0.34091
2998.8  2.37099
3042.9  0.971391
3087  0.82955
3131.1  1.74126
3175.2  1.24655
3219.3  0.0268233
3263.4  0.290954
3307.5  1.51744
3351.6  0.594037
3395.7  1.07285
3439.8  1.2129
3483.9  1.02364
3528  1.40123
3572.1  1.26018
3616.2  0.735357
3660.3  1.94225
3704.4  0.560507
3748.5  0.290556
3792.6  1.45148
3836.7  0.9905
3880.8  1.01651
3924.9  1.7461
3969  1.36866
4013.1  0.470879
4057.2  0.899042
4101.3  1.10985
4145.4  0.749808
4189.5  0.690026
4233.6  0.700742
4277.7  1.5054
4321.8  0.394851
4365.9  1.86471
4410  0.965467
4454.1  1.00972
4498.2  1.23256
4542.3  1.22529
4586.4  1.0671
4630.5  1.73786
4674.6  0.515703
4718.7  0.902422
4762.8  0.637706
4806.9  0.452772
4851  2.28168
4895.1  2.20603
4939.2  1.42447
4983.3  1.31603
5027.4  0.720118
5071.5  0.842927
5115.6  0.903487
5159.7  0.590519
5203.8  0.227462
5247.9  0.225453
5292  1.04638
5336.1  1.20308
5380.2  0.361532
5424.3  0.47745
5468.4  0.233053
5512.5  1.24805
5556.6  1.14261
5600.7  0.919489
5644.8  0.201031
5688.9  0.837498
5733  0.204557
5777.1  0.951958
5821.2  1.13468
5865.3  0.256113
5909.4  1.33225
5953.5  0.502445
5997.6  1.21699
6041.7  0.95568
6085.8  0.0566545
6129.9  0.29231
6174  0.407934
6218.1  0.520655
6262.2  0.229351
6306.3  0.80526
6350.4  0.491151
6394.5  0.930261
6438.6  0.165291
6482.7  0.219753
6526.8  0.959389
6570.9  0.564597
6615  0.717455
6659.1  0.630638
6703.2  1.96639
6747.3  0.975285
6791.4  0.723936
6835.5  0.487848
6879.6  0.554338
6923.7  1.28505
6967.8  1.32966
7011.9  0.697977
7056  1.977
7100.1  2.16826
7144.2  0.607878
7188.3  1.23569
7232.4  1.41934
7276.5  1.09758
7320.6  0.872304
7364.7  0.312303
7408.8  1.04249
7452.9  2.07298
7497  2.4642
7541.1  0.181951
7585.2  1.87545
7629.3  0.486029
7673.4  0.843924
7717.5  0.740083
7761.6  0.328719
7805.7  1.03086
7849.8  1.25156
7893.9  0.389988
7938  0.269175
7982.1  0.442227
8026.2  0.253091
8070.3  0.954064
8114.4  0.563697
8158.5  0.267714
8202.6  0.335581
8246.7  0.672694
8290.8  0.608255
8334.9  0.388306
8379  0.117845
8423.1  0.937806
8467.2  0.240875
8511.3  0.278982
8555.4  0.689013
8599.5  1.10329
8643.6  0.486928
8687.7  0.662194
8731.8  0.586912
8775.9  0.790052
8820  0.954798
8864.1  0.19819
8908.2  0.722764
8952.3  0.597083
8996.4  1.144
9040.5  0.49674
9084.6  0.558058
9128.7  0.671837
9172.8  0.659635
9216.9  0.852229
9261  0.810544
9305.1  0.281244
9349.2  0.673983
9393.3  1.02021
9437.4  0.392304
9481.5  0.364766
9525.6  0.649676
9569.7  0.197451
9613.8  0.254131
9657.9  0.161494
9702  0.246209
9746.1  0.541376
9790.2  0.628725
9834.3  0.450373
9878.4  0.227283
9922.5  0.608896
9966.6  1.24245
10010.7  0.549781
10054.8  0.458495
10098.9  1.07401
10143  0.301816
10187.1  1.06323
10231.2  0.478829
10275.3  0.449427
10319.4  1.45633
10363.5  0.524218
10407.6  0.210784
10451.7  0.84821
10495.8  0.952235
10539.9  0.341649
10584  0.438971
10628.1  0.951967
10672.2  1.15531
10716.3  0.441845
10760.4  0.368541
10804.5  0.432662
10848.6  0.258074
10892.7  0.583696
10936.8  0.592626
10980.9  0.164039
11025  0.258364
11069.1  0.248345
11113.2  0.387177
11157.3  0.314407
11201.4  0.610932
11245.5  0.800504
11289.6  0.430028
11333.7  0.285896
11377.8  0.163831
11421.9  0.351588
11466  0.735677
11510.1  0.422851
11554.2  0.236014
11598.3  0.582919
11642.4  0.212035
11686.5  0.458148
11730.6  0.215486
11774.7  0.10371
11818.8  0.30194
11862.9  0.227821
11907  0.657962
11951.1  0.249394
11995.2  0.270649
12039.3  0.303164
12083.4  0.346531
12127.5  0.216605
12171.6  0.490907
12215.7  0.314124
12259.8  0.327741
12303.9  0.0617811
12348  0.260317
12392.1  0.084287
12436.2  0.149228
12480.3  0.185701
12524.4  0.218654
12568.5  0.381469
12612.6  0.287098
12656.7  0.42036
12700.8  0.45427
12744.9  0.139629
12789  0.542024
12833.1  0.407181
12877.2  0.478048
12921.3  0.152215
12965.4  0.155699
13009.5  0.423887
13053.6  0.504707
13097.7  0.15058
13141.8  0.144617
13185.9  0.257795
13230  0.102116
13274.1  0.625362
13318.2  0.274435
13362.3  0.244519
13406.4  0.179481
13450.5  0.686963
13494.6  0.230099
13538.7  0.477999
13582.8  0.131219
13626.9  0.340425
13671  0.196107
13715.1  0.42107
13759.2  0.0383621
13803.3  0.342245
13847.4  0.413474
13891.5  0.207365
13935.6  0.347244
13979.7  0.330324
14023.8  0.106674
14067.9  0.122545
14112  0.159399
14156.1  0.191821
14200.2  0.273275
14244.3  0.132679
14288.4  0.192466
14332.5  0.0983259
14376.6  0.200962
14420.7  0.125743
14464.8  0.282115
14508.9  0.180017
14553  0.254754
14597.1  0.15847
14641.2  0.443908
14685.3  0.523984
14729.4  0.13914
14773.5  0.364817
14817.6  0.086298
14861.7  0.241855
14905.8  0.100572
14949.9  0.034473
14994  0.0789473
15038.1  0.219427
15082.2  0.22721
15126.3  0.272587
15170.4  0.386289
15214.5  0.340802
15258.6  0.188698
15302.7  0.109758
15346.8  0.397303
15390.9  0.209251
15435  0.336311
15479.1  0.302323
15523.2  0.22884
15567.3  0.0903283
15611.4  0.280556
15655.5  0.138542
15699.6  0.103847
15743.7  0.0749643
15787.8  0.304442
15831.9  0.216383
15876  0.342277
15920.1  0.165285
15964.2  0.0502535
16008.3  0.0844852
16052.4  0.27628
16096.5  0.21511
16140.6  0.0453519
16184.7  0.304891
16228.8  0.17652
16272.9  0.070569
16317  0.044686
16361.1  0.37591
16405.2  0.21858
16449.3  0.30119
16493.4  0.311564
16537.5  0.249639
16581.6  0.0321819
16625.7  0.160234
16669.8  0.25321
16713.9  0.237725
16758  0.105777
16802.1  0.171364
16846.2  0.205106
16890.3  0.0923593
16934.4  0.0638184
16978.5  0.196958
17022.6  0.112142
17066.7  0.208591
17110.8  0.27736
17154.9  0.207086
17199  0.0608985
17243.1  0.192312
17287.2  0.234089
17331.3  0.161642
17375.4  0.213354
17419.5  0.171447
17463.6  0.0526978
17507.7  0.0913358
17551.8  0.0482563
17595.9  0.134381
17640  0.0466616
17684.1  0.165386
17728.2  0.284206
17772.3  0.100735
17816.4  0.198363
17860.5  0.0909996
17904.6  0.153583
17948.7  0.0568709
17992.8  0.0977538
18036.9  0.111075
18081  0.0926854
18125.1  0.0571258
18169.2  0.0496616
18213.3  0.200312
18257.4  0.141665
18301.5  0.15287
18345.6  0.175178
18389.7  0.0745217
18433.8  0.167141
18477.9  0.0122645
18522  0.081332
18566.1  0.256283
18610.2  0.0936204
18654.3  0.16267
18698.4  0.128429
18742.5  0.0601473
18786.6  0.00601232
18830.7  0.101927
18874.8  0.100719
18918.9  0.0968232
18963  0.0141863
19007.1  0.132142
19051.2  0.065398
19095.3  0.0544339
19139.4  0.192352
19183.5  0.156464
19227.6  0.12031
19271.7  0.139528
19315.8  0.0519866
19359.9  0.0890931
19404  0.145751
19448.1  0.174895
19492.2  0.0859337
19536.3  0.117455
19580.4  0.12948
19624.5  0.111161
19668.6  0.0526457
19712.7  0.114986
19756.8  0.0692249
19800.9  0.132554
19845  0.108249
19889.1  0.017664
19933.2  0.0603958
19977.3  0.114989
20021.4  0.0347903
20065.5  0.0457979
20109.6  0.0351738
20153.7  0.089061
20197.8  0.0368752
20241.9  0.0508898
20286  0.0811449
20330.1  0.0528005
20374.2  0.0352906
20418.3  0.0223479
20462.4  0.0219877
20506.5  0.0298938
20550.6  0.0448469
20594.7  0.0228537
20638.8  0.0656332
20682.9  0.0172739
20727  0.0285814
20771.1  0.0183767
20815.2  0.0392314
20859.3  0.0407817
20903.4  0.0311518
20947.5  0.0358677
20991.6  0.0235166
21035.7  0.029777
21079.8  0.0364178
21123.9  0.0283616
21168  0.0297757
21212.1  0.0391224
21256.2  0.0304763
21300.3  0.0312857
21344.4  0.025797
21388.5  0.0279888
21432.6  0.024558
21476.7  0.0419577
21520.8  0.0352857
21564.9  0.03526
21609  0.0222263
21653.1  0.0269931
21697.2  0.022257
21741.3  0.0446558
21785.4  0.0386216
21829.5  0.0395756
21873.6  0.0185844
21917.7  0.0256171
21961.8  0.0201736
22005.9  0.042937
22050  0.0361633
22094.1  0.0430221
22138.2  0.0199471
22182.3  0.0259637
22226.4  0.0177889
22270.5  0.0390409
22314.6  0.0377597
22358.7  0.0445857
22402.8  0.02209
22446.9  0.0261289
22491  0.022325
22535.1  0.034875
22579.2  0.0350022
22623.3  0.0420665
22667.4  0.024506
22711.5  0.0281747
22755.6  0.025562
22799.7  0.031575
22843.8  0.0309092
22887.9  0.0394939
22932  0.029629
22976.1  0.0277683
23020.2  0.0359876
23064.3  0.0298891
23108.4  0.0232901
23152.5  0.035701
23196.6  0.0308057
23240.7  0.0403851
23284.8  0.0388275
23328.9  0.0179872
23373  0.0284232
23417.1  0.0173536
23461.2  0.066279
23505.3  0.0229369
23549.4  0.0449154
23593.5  0.0299604
23637.6  0.0217653
23681.7  0.0222617
23725.8  0.0352769
23769.9  0.0542556
23814  0.0814839
23858.1  0.0514396
23902.2  0.0367308
23946.3  0.0891346
23990.4  0.0352263
24034.5  0.0452387
24078.6  0.0347562
24122.7  0.115225
24166.8  0.0603172
24210.9  0.018041
24255  0.108127
24299.1  0.132837
24343.2  0.0694974
24387.3  0.114887
24431.4  0.0528307
24475.5  0.111156
24519.6  0.129584
24563.7  0.11766
24607.8  0.0857194
24651.9  0.175277
24696  0.144918
24740.1  0.0893201
24784.2  0.0515859
24828.3  0.139469
24872.4  0.120188
24916.5  0.157471
24960.6  0.190792
25004.7  0.0545331
25048.8  0.0656291
25092.9  0.133749
25137  0.0137631
25181.1  0.0971634
25225.2  0.100626
25269.3  0.101829
25313.4  0.00577677
25357.5  0.0597901
25401.6  0.128606
25445.7  0.162634
25489.8  0.0936683
25533.9  0.255776
25578  0.0816876
25622.1  0.0118739
25666.2  0.166165
25710.3  0.0744365
25754.4  0.175304
25798.5  0.153152
25842.6  0.141576
25886.7  0.200225
25930.8  0.0499142
25974.9  0.0579778
26019  0.0927419
26063.1  0.110233
26107.2  0.0976615
26151.3  0.0566657
26195.4  0.153644
26239.5  0.0913327
26283.6  0.198335
26327.7  0.100549
26371.8  0.283226
26415.9  0.165145
26460  0.0467505
26504.1  0.134667
26548.2  0.0483415
26592.3  0.090496
26636.4  0.0536695
26680.5  0.171562
26724.6  0.213081
26768.7  0.160956
26812.8  0.234427
26856.9  0.192322
26901  0.06025
26945.1  0.207053
26989.2  0.277362
27033.3  0.208462
27077.4  0.112425
27121.5  0.197257
27165.6  0.0636506
27209.7  0.0925271
27253.8  0.204976
27297.9  0.170989
27342  0.105355
27386.1  0.23815
27430.2  0.253421
27474.3  0.160529
27518.4  0.0321005
27562.5  0.24949
27606.6  0.311745
27650.7  0.301455
27694.8  0.216765
27738.9  0.375722
27783  0.043951
27827.1  0.0708189
27871.2  0.176244
27915.3  0.305857
27959.4  0.0455063
28003.5  0.214857
28047.6  0.276858
28091.7  0.084483
28135.8  0.0493463
28179.9  0.165131
28224  0.341989
28268.1  0.214791
28312.2  0.304669
28356.3  0.0745987
28400.4  0.105343
28444.5  0.138875
28488.6  0.280107
28532.7  0.0900459
28576.8  0.229457
28620.9  0.302329
28665  0.336167
28709.1  0.207949
28753.2  0.397526
28797.3  0.109667
28841.4  0.188546
28885.5  0.339873
28929.6  0.386633
28973.7  0.273537
29017.8  0.227285
29061.9  0.219582
29106  0.0793217
29150.1  0.0345424
29194.2  0.100003
29238.3  0.242272
29282.4  0.0867046
29326.5  0.365252
29370.6  0.139246
29414.7  0.524437
29458.8  0.444465
29502.9  0.158477
29547  0.254178
29591.1  0.18045
29635.2  0.282241
29679.3  0.124713
29723.4  0.201262
29767.5  0.0987272
29811.6  0.191986
29855.7  0.133345
29899.8  0.272449
29943.9  0.19146
29988  0.159365
30032.1  0.122723
30076.2  0.107304
30120.3  0.330505
30164.4  0.346577
30208.5  0.207416
30252.6  0.413074
30296.7  0.341991
30340.8  0.0386322
30384.9  0.421263
30429  0.196365
30473.1  0.340396
30517.2  0.130868
30561.3  0.478004
30605.4  0.230613
30649.5  0.686887
30693.6  0.17956
30737.7  0.243614
30781.8  0.274087
30825.9  0.625464
30870  0.101953
30914.1  0.25647
30958.2  0.1452
31002.3  0.150519
31046.4  0.504482
31090.5  0.424535
31134.6  0.154859
31178.7  0.152068
31222.8  0.477955
31266.9  0.407283
31311  0.542405
31355.1  0.139278
31399.2  0.454252
31443.3  0.420458
31487.4  0.287076
31531.5  0.381184
31575.6  0.218927
31619.7  0.185722
31663.8  0.149303
31707.9  0.0840877
31752  0.260747
31796.1  0.0615993
31840.2  0.32802
31884.3  0.313823
31928.4  0.49074
31972.5  0.216604
32016.6  0.34693
32060.7  0.303249
32104.8  0.270781
32148.9  0.249642
32193  0.657748
32237.1  0.227867
32281.2  0.302006
32325.3  0.103718
32369.4  0.215341
32413.5  0.457889
32457.6  0.21145
32501.7  0.582432
32545.8  0.236039
32589.9  0.423828
32634  0.736155
32678.1  0.351548
32722.2  0.164002
32766.3  0.285862
32810.4  0.429945
32854.5  0.798836
32898.6  0.610936
32942.7  0.314548
32986.8  0.386651
33030.9  0.247983
33075  0.258405
33119.1  0.164051
33163.2  0.593255
33207.3  0.584152
33251.4  0.258452
33295.5  0.432719
33339.6  0.368568
33383.7  0.44168
33427.8  1.15498
33471.9  0.952308
33516  0.439601
33560.1  0.341398
33604.2  0.952707
33648.3  0.847933
33692.4  0.210673
33736.5  0.524371
33780.6  1.45583
33824.7  0.449254
33868.8  0.479658
33912.9  1.06224
33957  0.299716
34001.1  1.0738
34045.2  0.458524
34089.3  0.550441
34133.4  1.24307
34177.5  0.608458
34221.6  0.226279
34265.7  0.451037
34309.8  0.629374
34353.9  0.541211
34398  0.24549
34442.1  0.161604
34486.2  0.255113
34530.3  0.194636
34574.4  0.648941
34618.5  0.3647
34662.6  0.392416
34706.7  1.01954
34750.8  0.674604
34794.9  0.28115
34839  0.81082
34883.1  0.852311
34927.2  0.659352
34971.3  0.67238
35015.4  0.558287
35059.5  0.497302
35103.6  1.14421
35147.7  0.596207
35191.8  0.722738
35235.9  0.197915
35280  0.954844
35324.1  0.789986
35368.2  0.58711
35412.3  0.662219
35456.4  0.485463
35500.5  1.1044
35544.6  0.689319
35588.7  0.27758
35632.8  0.241118
35676.9  0.93704
35721  0.117854
35765.1  0.387806
35809.2  0.608195
35853.3  0.673441
35897.4  0.334981
35941.5  0.267764
35985.6  0.563447
36029.7  0.953981
36073.8  0.252771
36117.9  0.441661
36162  0.268192
36206.1  0.390118
36250.2  1.25052
36294.3  1.03151
36338.4  0.327958
36382.5  0.740199
36426.6  0.843518
36470.7  0.485935
36514.8  1.8752
36558.9  0.181151
36603  2.46391
36647.1  2.07278
36691.2  1.04274
36735.3  0.312348
36779.4  0.871599
36823.5  1.09782
36867.6  1.41889
36911.7  1.23484
36955.8  0.608145
36999.9  2.16823
37044  1.97681
37088.1  0.698637
37132.2  1.32892
37176.3  1.28514
37220.4  0.553613
37264.5  0.485841
37308.6  0.72478
37352.7  0.975284
37396.8  1.96609
37440.9  0.630945
37485  0.717484
37529.1  0.563695
37573.2  0.960521
37617.3  0.221639
37661.4  0.164346
37705.5  0.929824
37749.6  0.48825
37793.7  0.805571
37837.8  0.229708
37881.9  0.520039
37926  0.40747
37970.1  0.292522
38014.2  0.0569955
38058.3  0.955431
38102.4  1.21711
38146.5  0.501557
38190.6  1.33266
38234.7  0.255824
38278.8  1.13241
38322.9  0.951878
38367  0.204275
38411.1  0.837193
38455.2  0.200577
38499.3  0.919948
38543.4  1.14346
38587.5  1.2487
38631.6  0.233392
38675.7  0.477657
38719.8  0.361954
38763.9  1.20552
38808  1.04603
38852.1  0.22501
38896.2  0.227679
38940.3  0.590874
38984.4  0.903207
39028.5  0.842842
39072.6  0.719431
39116.7  1.31594
39160.8  1.42465
39204.9  2.20555
39249  2.28083
39293.1  0.451146
39337.2  0.637733
39381.3  0.903645
39425.4  0.515681
39469.5  1.73806
39513.6  1.06736
39557.7  1.22585
39601.8  1.23268
39645.9  1.00967
39690  0.965143
39734.1  1.86473
39778.2  0.390245
39822.3  1.50424
39866.4  0.700236
39910.5  0.689841
39954.6  0.750138
39998.7  1.11015
40042.8  0.8992
40086.9  0.470943
40131  1.36883
40175.1  1.74602
40219.2  1.01658
40263.3  0.99083
40307.4  1.45074
40351.5  0.290915
40395.6  0.560322
40439.7  1.9423
40483.8  0.735049
40527.9  1.26015
40572  1.4009
40616.1  1.02407
40660.2  1.21302
40704.3  1.0725
40748.4  0.593225
40792.5  1.51948
40836.6  0.290206
40880.7  0.0234377
40924.8  1.24148
40968.9  1.74195
41013  0.828201
41057.1  0.971307
41101.2  2.37161
41145.3  0.340894
41189.4  0.629048
41233.5  0.349869
41277.6  1.05195
41321.7  1.70531
41365.8  1.26612
41409.9  1.08861
41454  1.26612
41498.1  1.76716
41542.2  1.38886
41586.3  1.58233
41630.4  0.89232
41674.5  1.51369
41718.6  1.62374
41762.7  3.112
41806.8  3.17521
41850.9  3.73255
41895  1.52814
41939.1  2.51055
41983.2  3.84047
42027.3  5.71952
42071.4  1.23499
42115.5  1.45196
42159.6  0.804999
42203.7  2.88936
42247.8  3.07863
42291.9  2.75093
42336  0.169594
42380.1  1.07098
42424.2  1.86651
42468.3  1.46207
42512.4  5.15366
42556.5  3.86805
42600.6  2.63926
42644.7  1.64494
42688.8  1.34063
42732.9  2.70837
42777  5.99999
42821.1  3.44098
42865.2  2.34885
42909.3  2.2026
42953.4  1.58489
42997.5  2.17171
43041.6  1.87229
43085.7  2.63907
43129.8  1.72545
43173.9  4.65789
43218  2.40493
43262.1  3.75804
43306.2  4.97122
43350.3  2.35368
43394.4  3.15661
43438.5  4.02233
43482.6  1.47168
43526.7  4.81568
43570.8  4.04145
43614.9  1.66204
43659  6.86378
43703.1  9.51007
43747.2  0.824593
43791.3  4.8651
43835.4  21.5762
43879.5  12.1643
43923.6  29.2307
43967.7  18.5678
44011.8  45.5171
44055.9  117.788
0  83.228
44.1  117.793
88.2  45.5115
132.3  18.5651
176.4  29.2295
220.5  12.164
264.6  21.5754
308.7  4.86507
352.8  0.825061
396.9  9.50965
441  6.86423
485.1  1.66238
529.2  4.0411
573.3  4.81511
617.4  1.47117
661.5  4.02248
705.6  3.15678
749.7  2.35366
793.8  4.97137
837.9  3.75784
882  2.40478
926.1  4.6574
970.2  1.72532
1014.3  2.63996
1058.4  1.87217
1102.5  2.17128
1146.6  1.58492
1190.7  2.20293
1234.8  2.34865
1278.9  3.44092
1323  6.00061
1367.1  2.70866
1411.2  1.3409
1455.3  1.64656
1499.4  2.64217
1543.5  3.8703
1587.6  5.15158
1631.7  1.45979
1675.8  1.8695
1719.9  1.07323
1764  0.17022
1808.1  2.75143
1852.2  3.07824
1896.3  2.88869
1940.4  0.804716
1984.5  1.45053
2028.6  1.23444
2072.7  5.71922
2116.8  3.84062
2160.9  2.51046
2205  1.52799
2249.1  3.73223
2293.2  3.17439
2337.3  3.11266
2381.4  1.62423
2425.5  1.51374
2469.6  0.892164
2513.7  1.58258
2557.8  1.38855
2601.9  1.76667
2646  1.26565
2690.1  1.08862
2734.2  1.2664
2778.3  1.70508
2822.4  1.05176
2866.5  0.349502
2910.6  0.628099
2954.7  0.34091
2998.8  2.37099
3042.9  0.971391
3087  0.82955
3131.1  1.74126
3175.2  1.24655
3219.3  0.0268233
3263.4  0.290954
3307.5  1.51744
3351.6  0.594037
3395.7  1.07285
3439.8  1.2129
3483.9  1.02364
3528  1.40123
3572.1  1.26018
3616.2  0.735357
3660.3  1.94225
3704.4  0.560507
3748.5  0.290556
3792.6  1.45148
3836.7  0.9905
3880.8  1.01651
3924.9  1.7461
3969  1.36866
4013.1  0.470879
4057.2  0.899042
4101.3  1.10985
4145.4  0.749808
4189.5  0.690026
4233.6  0.700742
4277.7  1.5054
4321.8  0.394851
4365.9  1.86471
4410  0.965467
4454.1  1.00972
4498.2  1.23256
4542.3  1.22529
4586.4  1.0671
4630.5  1.73786
4674.6  0.515703
4718.7  0.902422
4762.8  0.637706
4806.9  0.452772
4851  2.28168
4895.1  2.20603
4939.2  1.42447
4983.3  1.31603
5027.4  0.720118
5071.5  0.842927
5115.6  0.903487
5159.7  0.590519
5203.8  0.227462
5247.9  0.225453
5292  1.04638
5336.1  1.20308
5380.2  0.361532
5424.3  0.47745
5468.4  0.233053
5512.5  1.24805
5556.6  1.14261
5600.7  0.919489
5644.8  0.201031
5688.9  0.837498
5733  0.204557
5777.1  0.951958
5821.2  1.13468
5865.3  0.256113
5909.4  1.33225
5953.5  0.502445
5997.6  1.21699
6041.7  0.95568
6085.8  0.0566545
6129.9  0.29231
6174  0.407934
6218.1  0.520655
6262.2  0.229351
6306.3  0.80526
6350.4  0.491151
6394.5  0.930261
6438.6  0.165291
6482.7  0.219753
6526.8  0.959389
6570.9  0.564597
6615  0.717455
6659.1  0.630638
6703.2  1.96639
6747.3  0.975285
6791.4  0.723936
6835.5  0.487848
6879.6  0.554338
6923.7  1.28505
6967.8  1.32966
7011.9  0.697977
7056  1.977
7100.1  2.16826
7144.2  0.607878
7188.3  1.23569
7232.4  1.41934
7276.5  1.09758
7320.6  0.872304
7364.7  0.312303
7408.8  1.04249
7452.9  2.07298
7497  2.4642
7541.1  0.181951
7585.2  1.87545
7629.3  0.486029
7673.4  0.843924
7717.5  0.740083
7761.6  0.328719
7805.7  1.03086
7849.8  1.25156
7893.9  0.389988
7938  0.269175
7982.1  0.442227
8026.2  0.253091
8070.3  0.954064
8114.4  0.563697
8158.5  0.267714
8202.6  0.335581
8246.7  0.672694
8290.8  0.608255
8334.9  0.388306
8379  0.117845
8423.1  0.937806
8467.2  0.240875
8511.3  0.278982
8555.4  0.689013
8599.5  1.10329
8643.6  0.486928
8687.7  0.662194
8731.8  0.586912
8775.9  0.790052
8820  0.954798
8864.1  0.19819
8908.2  0.722764
8952.3  0.597083
8996.4  1.144
9040.5  0.49674
9084.6  0.558058
9128.7  0.671837
9172.8  0.659635
9216.9  0.852229
9261  0.810544
9305.1  0.281244
9349.2  0.673983
9393.3  1.02021
9437.4  0.392304
9481.5  0.364766
9525.6  0.649676
9569.7  0.197451
9613.8  0.254131
9657.9  0.161494
9702  0.246209
9746.1  0.541376
9790.2  0.628725
9834.3  0.450373
9878.4  0.227283
9922.5  0.608896
9966.6  1.24245
10010.7  0.549781
10054.8  0.458495
10098.9  1.07401
10143  0.301816
10187.1  1.06323
10231.2  0.478829
10275.3  0.449427
10319.4  1.45633
10363.5  0.524218
10407.6  0.210784
10451.7  0.84821
10495.8  0.952235
10539.9  0.341649
10584  0.438971
10628.1  0.951967
10672.2  1.15531
10716.3  0.441845
10760.4  0.368541
10804.5  0.432662
10848.6  0.258074
10892.7  0.583696
10936.8  0.592626
10980.9  0.164039
11025  0.258364
11069.1  0.248345
11113.2  0.387177
11157.3  0.314407
11201.4  0.610932
11245.5  0.800504
11289.6  0.430028
11333.7  0.285896
11377.8  0.163831
11421.9  0.351588
11466  0.735677
11510.1  0.422851
11554.2  0.236014
11598.3  0.582919
11642.4  0.212035
11686.5  0.458148
11730.6  0.215486
11774.7  0.10371
11818.8  0.30194
11862.9  0.227821
11907  0.657962
11951.1  0.249394
11995.2  0.270649
12039.3  0.303164
12083.4  0.346531
12127.5  0.216605
12171.6  0.490907
12215.7  0.314124
12259.8  0.327741
12303.9  0.0617811
12348  0.260317
12392.1  0.084287
12436.2  0.149228
12480.3  0.185701
12524.4  0.218654
12568.5  0.381469
12612.6  0.287098
12656.7  0.42036
12700.8  0.45427
12744.9  0.139629
12789  0.542024
12833.1  0.407181
12877.2  0.478048
12921.3  0.152215
12965.4  0.155699
13009.5  0.423887
13053.6  0.504707
13097.7  0.15058
13141.8  0.144617
13185.9  0.257795
13230  0.102116
13274.1  0.625362
13318.2  0.274435
13362.3  0.244519
13406.4  0.179481
13450.5  0.686963
13494.6  0.230099
13538.7  0.477999
13582.8  0.131219
13626.9  0.340425
13671  0.196107
13715.1  0.42107
13759.2  0.0383621
13803.3  0.342245
13847.4  0.413474
13891.5  0.207365
13935.6  0.347244
13979.7  0.330324
14023.8  0.106674
14067.9  0.122545
14112  0.159399
14156.1  0.191821
14200.2  0.273275
14244.3  0.132679
14288.4  0.192466
14332.5  0.0983259
14376.6  0.200962
14420.7  0.125743
14464.8  0.282115
14508.9  0.180017
14553  0.254754
14597.1  0.15847
14641.2  0.443908
14685.3  0.523984
14729.4  0.13914
14773.5  0.364817
14817.6  0.086298
14861.7  0.241855
14905.8  0.100572
14949.9  0.034473
14994  0.0789473
15038.1  0.219427
15082.2  0.22721
15126.3  0.272587
15170.4  0.386289
15214.5  0.340802
15258.6  0.188698
15302.7  0.109758
15346.8  0.397303
15390.9  0.209251
15435  0.336311
15479.1  0.302323
15523.2  0.22884
15567.3  0.0903283
15611.4  0.280556
15655.5  0.138542
15699.6  0.103847
15743.7  0.0749643
15787.8  0.304442
15831.9  0.216383
15876  0.342277
15920.1  0.165285
15964.2  0.0502535
16008.3  0.0844852
16052.4  0.27628
16096.5  0.21511
16140.6  0.0453519
16184.7  0.304891
16228.8  0.17652
16272.9  0.070569
16317  0.044686
16361.1  0.37591
16405.2  0.21858
16449.3  0.30119
16493.4  0.311564
16537.5  0.249639
16581.6  0.0321819
16625.7  0.160234
16669.8  0.25321
16713.9  0.237725
16758  0.105777
16802.1  0.171364
16846.2  0.205106
16890.3  0.0923593
16934.4  0.0638184
16978.5  0.196958
17022.6  0.112142
17066.7  0.208591
17110.8  0.27736
17154.9  0.207086
17199  0.0608985
17243.1  0.192312
17287.2  0.234089
17331.3  0.161642
17375.4  0.213354
17419.5  0.171447
17463.6  0.0526978
17507.7  0.0913358
17551.8  0.0482563
17595.9  0.134381
17640  0.0466616
17684.1  0.165386
17728.2  0.284206
17772.3  0.100735
17816.4  0.198363
17860.5  0.0909996
17904.6  0.153583
17948.7  0.0568709
17992.8  0.0977538
18036.9  0.111075
18081  0.0926854
18125.1  0.0571258
18169.2  0.0496616
18213.3  0.200312
18257.4  0.141665
18301.5  0.15287
18345.6  0.175178
18389.7  0.0745217
18433.8  0.167141
18477.9  0.0122645
18522  0.081332
18566.1  0.256283
18610.2  0.0936204
18654.3  0.16267
18698.4  0.128429
18742.5  0.0601473
18786.6  0.00601232
18830.7  0.101927
18874.8  0.100719
18918.9  0.0968232
18963  0.0141863
19007.1  0.132142
19051.2  0.065398
19095.3  0.0544339
19139.4  0.192352
19183.5  0.156464
19227.6  0.12031
19271.7  0.139528
19315.8  0.0519866
19359.9  0.0890931
19404  0.145751
19448.1  0.174895
19492.2  0.0859337
19536.3  0.117455
19580.4  0.12948
19624.5  0.111161
19668.6  0.0526457
19712.7  0.114986
19756.8  0.0692249
19800.9  0.132554
19845  0.108249
19889.1  0.017664
19933.2  0.0603958
19977.3  0.114989
20021.4  0.0347903
20065.5  0.0457979
20109.6  0.0351738
20153.7  0.089061
20197.8  0.0368752
20241.9  0.0508898
20286  0.0811449
20330.1  0.0528005
20374.2  0.0352906
20418.3  0.0223479
20462.4  0.0219877
20506.5  0.0298938
20550.6  0.0448469
20594.7  0.0228537
20638.8  0.0656332
20682.9  0.0172739
20727  0.0285814
20771.1  0.0183767
20815.2  0.0392314
20859.3  0.0407817
20903.4  0.0311518
20947.5  0.0358677
20991.6  0.0235166
21035.7  0.029777
21079.8  0.0364178
21123.9  0.0283616
21168  0.0297757
21212.1  0.0391224
21256.2  0.0304763
21300.3  0.0312857
21344.4  0.025797
21388.5  0.0279888
21432.6  0.024558
21476.7  0.0419577
21520.8  0.0352857
21564.9  0.03526
21609  0.0222263
21653.1  0.0269931
21697.2  0.022257
21741.3  0.0446558
21785.4  0.0386216
21829.5  0.0395756
21873.6  0.0185844
21917.7  0.0256171
21961.8  0.0201736
22005.9  0.042937
22050  0.0361633
22094.1  0.0430221
22138.2  0.0199471
22182.3  0.0259637
22226.4  0.0177889
22270.5  0.0390409
22314.6  0.0377597
22358.7  0.0445857
22402.8  0.02209
22446.9  0.0261289
22491  0.022325
22535.1  0.034875
22579.2  0.0350022
22623.3  0.0420665
22667.4  0.024506
22711.5  0.0281747
22755.6  0.025562
22799.7  0.031575
22843.8  0.0309092
22887.9  0.0394939
22932  0.029629
22976.1  0.0277683
23020.2  0.0359876
23064.3  0.0298891
23108.4  0.0232901
23152.5  0.035701
23196.6  0.0308057
23240.7  0.0403851
23284.8  0.0388275
23328.9  0.0179872
23373  0.0284232
23417.1  0.0173536
23461.2  0.066279
23505.3  0.0229369
23549.4  0.0449154
23593.5  0.0299604
23637.6  0.0217653
23681.7  0.0222617
23725.8  0.0352769
23769.9  0.0542556
23814  0.0814839
23858.1  0.0514396
23902.2  0.0367308
23946.3  0.0891346
23990.4  0.0352263
24034.5  0.0452387
24078.6  0.0347562
24122.7  0.115225
24166.8  0.0603172
24210.9  0.018041
24255  0.108127
24299.1  0.132837
24343.2  0.0694974
24387.3  0.114887
24431.4  0.0528307
24475.5  0.111156
24519.6  0.129584
24563.7  0.11766
24607.8  0.0857194
24651.9  0.175277
24696  0.144918
24740.1  0.0893201
24784.2  0.0515859
24828.3  0.139469
24872.4  0.120188
24916.5  0.157471
24960.6  0.190792
25004.7  0.0545331
25048.8  0.0656291
25092.9  0.133749
25137  0.0137631
25181.1  0.0971634
25225.2  0.100626
25269.3  0.101829
25313.4  0.00577677
25357.5  0.0597901
25401.6  0.128606
25445.7  0.162634
25489.8  0.0936683
25533.9  0.255776
25578  0.0816876
25622.1  0.0118739
25666.2  0.166165
25710.3  0.0744365
25754.4  0.175304
25798.5  0.153152
25842.6  0.141576
25886.7  0.200225
25930.8  0.0499142
25974.9  0.0579778
26019  0.0927419
26063.1  0.110233
26107.2  0.0976615
26151.3  0.0566657
26195.4  0.153644
26239.5  0.0913327
26283.6  0.198335
26327.7  0.100549
26371.8  0.283226
26415.9  0.165145
26460  0.0467505
26504.1  0.134667
26548.2  0.0483415
26592.3  0.090496
26636.4  0.0536695
26680.5  0.171562
26724.6  0.213081
26768.7  0.160956
26812.8  0.234427
26856.9  0.192322
26901  0.06025
26945.1  0.207053
26989.2  0.277362
27033.3  0.208462
27077.4  0.112425
27121.5  0.197257
27165.6  0.0636506
27209.7  0.0925271
27253.8  0.204976
27297.9  0.170989
27342  0.105355
27386.1  0.23815
27430.2  0.253421
27474.3  0.160529
27518.4  0.0321005
27562.5  0.24949
27606.6  0.311745
27650.7  0.301455
27694.8  0.216765
27738.9  0.375722
27783  0.043951
27827.1  0.0708189
27871.2  0.176244
27915.3  0.305857
27959.4  0.0455063
28003.5  0.214857
28047.6  0.276858
28091.7  0.084483
28135.8  0.0493463
28179.9  0.165131
28224  0.341989
28268.1  0.214791
28312.2  0.304669
28356.3  0.0745987
28400.4  0.105343
28444.5  0.138875
28488.6  0.280107
28532.7  0.0900459
28576.8  0.229457
28620.9  0.302329
28665  0.336167
28709.1  0.207949
28753.2  0.397526
28797.3  0.109667
28841.4  0.188546
28885.5  0.339873
28929.6  0.386633
28973.7  0.273537
29017.8  0.227285
29061.9  0.219582
29106  0.0793217
29150.1  0.0345424
29194.2  0.100003
29238.3  0.242272
29282.4  0.0867046
29326.5  0.365252
29370.6  0.139246
29414.7  0.524437
29458.8  0.444465
29502.9  0.158477
29547  0.254178
29591.1  0.18045
29635.2  0.282241
29679.3  0.124713
29723.4  0.201262
29767.5  0.0987272
29811.6  0.191986
29855.7  0.133345
29899.8  0.272449
29943.9  0.19146
29988  0.159365
30032.1  0.122723
30076.2  0.107304
30120.3  0.330505
30164.4  0.346577
30208.5  0.207416
30252.6  0.413074
30296.7  0.341991
30340.8  0.0386322
30384.9  0.421263
30429  0.196365
30473.1  0.340396
30517.2  0.130868
30561.3  0.478004
30605.4  0.230613
30649.5  0.686887
30693.6  0.17956
30737.7  0.243614
30781.8  0.274087
30825.9  0.625464
30870  0.101953
30914.1  0.25647
30958.2  0.1452
31002.3  0.150519
31046.4  0.504482
31090.5  0.424535
31134.6  0.154859
31178.7  0.152068
31222.8  0.477955
31266.9  0.407283
31311  0.542405
31355.1  0.139278
31399.2  0.454252
31443.3  0.420458
31487.4  0.287076
31531.5  0.381184
31575.6  0.218927
31619.7  0.185722
31663.8  0.149303
31707.9  0.0840877
31752  0.260747
31796.1  0.0615993
31840.2  0.32802
31884.3  0.313823
31928.4  0.49074
31972.5  0.216604
32016.6  0.34693
32060.7  0.303249
32104.8  0.270781
32148.9  0.249642
32193  0.657748
32237.1  0.227867
32281.2  0.302006
32325.3  0.103718
32369.4  0.215341
32413.5  0.457889
32457.6  0.21145
32501.7  0.582432
32545.8  0.236039
32589.9  0.423828
32634  0.736155
32678.1  0.351548
32722.2  0.164002
32766.3  0.285862
32810.4  0.429945
32854.5  0.798836
32898.6  0.610936
32942.7  0.314548
32986.8  0.386651
33030.9  0.247983
33075  0.258405
33119.1  0.164051
33163.2  0.593255
33207.3  0.584152
33251.4  0.258452
33295.5  0.432719
33339.6  0.368568
33383.7  0.44168
33427.8  1.15498
33471.9  0.952308
33516  0.439601
33560.1  0.341398
33604.2  0.952707
33648.3  0.847933
33692.4  0.210673
33736.5  0.524371
33780.6  1.45583
33824.7  0.449254
33868.8  0.479658
33912.9  1.06224
33957  0.299716
34001.1  1.0738
34045.2  0.458524
34089.3  0.550441
34133.4  1.24307
34177.5  0.608458
34221.6  0.226279
34265.7  0.451037
34309.8  0.629374
34353.9  0.541211
34398  0.24549
34442.1  0.161604
34486.2  0.255113
34530.3  0.194636
34574.4  0.648941
34618.5  0.3647
34662.6  0.392416
34706.7  1.01954
34750.8  0.674604
34794.9  0.28115
34839  0.81082
34883.1  0.852311
34927.2  0.659352
34971.3  0.67238
35015.4  0.558287
35059.5  0.497302
35103.6  1.14421
35147.7  0.596207
35191.8  0.722738
35235.9  0.197915
35280  0.954844
35324.1  0.789986
35368.2  0.58711
35412.3  0.662219
35456.4  0.485463
35500.5  1.1044
35544.6  0.689319
35588.7  0.27758
35632.8  0.241118
35676.9  0.93704
35721  0.117854
35765.1  0.387806
35809.2  0.608195
35853.3  0.673441
35897.4  0.334981
35941.5  0.267764
35985.6  0.563447
36029.7  0.953981
36073.8  0.252771
36117.9  0.441661
36162  0.268192
36206.1  0.390118
36250.2  1.25052
36294.3  1.03151
36338.4  0.327958
36382.5  0.740199
36426.6  0.843518
36470.7  0.485935
36514.8  1.8752
36558.9  0.181151
36603  2.46391
36647.1  2.07278
36691.2  1.04274
36735.3  0.312348
36779.4  0.871599
36823.5  1.09782
36867.6  1.41889
36911.7  1.23484
36955.8  0.608145
36999.9  2.16823
37044  1.97681
37088.1  0.698637
37132.2  1.32892
37176.3  1.28514
37220.4  0.553613
37264.5  0.485841
37308.6  0.72478
37352.7  0.975284
37396.8  1.96609
37440.9  0.630945
37485  0.717484
37529.1  0.563695
37573.2  0.960521
37617.3  0.221639
37661.4  0.164346
37705.5  0.929824
37749.6  0.48825
37793.7  0.805571
37837.8  0.229708
37881.9  0.520039
37926  0.40747
37970.1  0.292522
38014.2  0.0569955
38058.3  0.955431
38102.4  1.21711
38146.5  0.501557
38190.6  1.33266
38234.7  0.255824
38278.8  1.13241
38322.9  0.951878
38367  0.204275
38411.1  0.837193
38455.2  0.200577
38499.3  0.919948
38543.4  1.14346
38587.5  1.2487
38631.6  0.233392
38675.7  0.477657
38719.8  0.361954
38763.9  1.20552
38808  1.04603
38852.1  0.22501
38896.2  0.227679
38940.3  0.590874
38984.4  0.903207
39028.5  0.842842
39072.6  0.719431
39116.7  1.31594
39160.8  1.42465
39204.9  2.20555
39249  2.28083
39293.1  0.451146
39337.2  0.637733
39381.3  0.903645
39425.4  0.515681
39469.5  1.73806
39513.6  1.06736
39557.7  1.22585
39601.8  1.23268
39645.9  1.00967
39690  0.965143
39734.1  1.86473
39778.2  0.390245
39822.3  1.50424
39866.4  0.700236
39910.5  0.689841
39954.6  0.750138
39998.7  1.11015
40042.8  0.8992
40086.9  0.470943
40131  1.36883
40175.1  1.74602
40219.2  1.01658
40263.3  0.99083
40307.4  1.45074
40351.5  0.290915
40395.6  0.560322
40439.7  1.9423
40483.8  0.735049
40527.9  1.26015
40572  1.4009
40616.1  1.02407
40660.2  1.21302
40704.3  1.0725
40748.4  0.593225
40792.5  1.51948
40836.6  0.290206
40880.7  0.0234377
40924.8  1.24148
40968.9  1.74195
41013  0.828201
41057.1  0.971307
41101.2  2.37161
41145.3  0.340894
41189.4  0.629048
41233.5  0.349869
41277.6  1.05195
41321.7  1.70531
41365.8  1.26612
41409.9  1.08861
41454  1.26612
41498.1  1.76716
41542.2  1.38886
41586.3  1.58233
41630.4  0.89232
41674.5  1.51369
41718.6  1.62374
41762.7  3.112
41806.8  3.17521
41850.9  3.73255
41895  1.52814
41939.1  2.51055
41983.2  3.84047
42027.3  5.71952
42071.4  1.23499
42115.5  1.45196
42159.6  0.804999
42203.7  2.88936
42247.8  3.07863
42291.9  2.75093
42336  0.169594
42380.1  1.07098
42424.2  1.86651
42468.3  1.46207
42512.4  5.15366
42556.5  3.86805
42600.6  2.63926
42644.7  1.64494
42688.8  1.34063
42732.9  2.70837
42777  5.99999
42821.1  3.44098
42865.2  2.34885
42909.3  2.2026
42953.4  1.58489
42997.5  2.17171
43041.6  1.87229
43085.7  2.63907
43129.8  1.72545
43173.9  4.65789
43218  2.40493
43262.1  3.75804
43306.2  4.97122
43350.3  2.35368
43394.4  3.15661
43438.5  4.02233
43482.6  1.47168
43526.7  4.81568
43570.8  4.04145
43614.9  1.66204
43659  6.86378
43703.1  9.51007
43747.2  0.824593
43791.3  4.8651
43835.4  21.5762
43879.5  12.1643
43923.6  29.2307
43967.7  18.5678
44011.8  45.5171
44055.9  117.788
0  83.228
44.1  117.793
88.2  45.5115
132.3  18.5651
176.4  29.2295
220.5  12.164
264.6  21.5754
308.7  4.86507
352.8  0.825061
396.9  9.50965
441  6.86423
485.1  1.66238
529.2  4.0411
573.3  4.81511
617.4  1.47117
661.5  4.02248
705.6  3.15678
749.7  2.35366
793.8  4.97137
837.9  3.75784
882  2.40478
926.1  4.6574
970.2  1.72532
1014.3  2.63996
1058.4  1.87217
1102.5  2.17128
1146.6  1.58492
1190.7  2.20293
1234.8  2.34865
1278.9  3.44092
1323  6.00061
1367.1  2.70866
1411.2  1.3409
1455.3  1.64656
1499.4  2.64217
1543.5  3.8703
1587.6  5.15158
1631.7  1.45979
1675.8  1.8695
1719.9  1.07323
1764  0.17022
1808.1  2.75143
1852.2  3.07824
1896.3  2.88869
1940.4  0.804716
1984.5  1.45053
2028.6  1.23444
2072.7  5.71922
2116.8  3.84062
2160.9  2.51046
2205  1.52799
2249.1  3.73223
2293.2  3.17439
2337.3  3.11266
2381.4  1.62423
2425.5  1.51374
2469.6  0.892164
2513.7  1.58258
2557.8  1.38855
2601.9  1.76667
2646  1.26565
2690.1  1.08862
2734.2  1.2664
2778.3  1.70508
2822.4  1.05176
2866.5  0.349502
2910.6  0.628099
2954.7  0.34091
2998.8  2.37099
3042.9  0.971391
3087  0.82955
3131.1  1.74126
3175.2  1.24655
3219.3  0.0268233
3263.4  0.290954
3307.5  1.51744
3351.6  0.594037
3395.7  1.07285
3439.8  1.2129
3483.9  1.02364
3528  1.40123
3572.1  1.26018
3616.2  0.735357
3660.3  1.94225
3704.4  0.560507
3748.5  0.290556
3792.6  1.45148
3836.7  0.9905
3880.8  1.01651
3924.9  1.7461
3969  1.36866
4013.1  0.470879
4057.2  0.899042
4101.3  1.10985
4145.4  0.749808
4189.5  0.690026
4233.6  0.700742
4277.7  1.5054
4321.8  0.394851
4365.9  1.86471
4410  0.965467
4454.1  1.00972
4498.2  1.23256
4542.3  1.22529
4586.4  1.0671
4630.5  1.73786
4674.6  0.515703
4718.7  0.902422
4762.8  0.637706
4806.9  0.452772
4851  2.28168
4895.1  2.20603
4939.2  1.42447
4983.3  1.31603
5027.4  0.720118
5071.5  0.842927
5115.6  0.903487
5159.7  0.590519
5203.8  0.227462
5247.9  0.225453
5292  1.04638
5336.1  1.20308
5380.2  0.361532
5424.3  0.47745
5468.4  0.233053
5512.5  1.24805
5556.6  1.14261
5600.7  0.919489
5644.8  0.201031
5688.9  0.837498
5733  0.204557
5777.1  0.951958
5821.2  1.13468
5865.3  0.256113
5909.4  1.33225
5953.5  0.502445
5997.6  1.21699
6041.7  0.95568
6085.8  0.0566545
6129.9  0.29231
6174  0.407934
6218.1  0.520655
6262.2  0.229351
6306.3  0.80526
6350.4  0.491151
6394.5  0.930261
6438.6  0.165291
6482.7  0.219753
6526.8  0.959389
6570.9  0.564597
6615  0.717455
6659.1  0.630638
6703.2  1.96639
6747.3  0.975285
6791.4  0.723936
6835.5  0.487848
6879.6  0.554338
6923.7  1.28505
6967.8  1.32966
7011.9  0.697977
7056  1.977
7100.1  2.16826
7144.2  0.607878
7188.3  1.23569
7232.4  1.41934
7276.5  1.09758
7320.6  0.872304
7364.7  0.312303
7408.8  1.04249
7452.9  2.07298
7497  2.4642
7541.1  0.181951
7585.2  1.87545
7629.3  0.486029
7673.4  0.843924
7717.5  0.740083
7761.6  0.328719
7805.7  1.03086
7849.8  1.25156
7893.9  0.389988
7938  0.269175
7982.1  0.442227
8026.2  0.253091
8070.3  0.954064
8114.4  0.563697
8158.5  0.267714
8202.6  0.335581
8246.7  0.672694
8290.8  0.608255
8334.9  0.388306
8379  0.117845
8423.1  0.937806
8467.2  0.240875
8511.3  0.278982
8555.4  0.689013
8599.5  1.10329
8643.6  0.486928
8687.7  0.662194
8731.8  0.586912
8775.9  0.790052
8820  0.954798
8864.1  0.19819
8908.2  0.722764
8952.3  0.597083
8996.4  1.144
9040.5  0.49674
9084.6  0.558058
9128.7  0.671837
9172.8  0.659635
9216.9  0.852229
9261  0.810544
9305.1  0.281244
9349.2  0.673983
9393.3  1.02021
9437.4  0.392304
9481.5  0.364766
9525.6  0.649676
9569.7  0.197451
9613.8  0.254131
9657.9  0.161494
9702  0.246209
9746.1  0.541376
9790.2  0.628725
9834.3  0.450373
9878.4  0.227283
9922.5  0.608896
9966.6  1.24245
10010.7  0.549781
10054.8  0.458495
10098.9  1.07401
10143  0.301816
10187.1  1.06323
10231.2  0.478829
10275.3  0.449427
10319.4  1.45633
10363.5  0.524218
10407.6  0.210784
10451.7  0.84821
10495.8  0.952235
10539.9  0.341649
10584  0.438971
10628.1  0.951967
10672.2  1.15531
10716.3  0.441845
10760.4  0.368541
10804.5  0.432662
10848.6  0.258074
10892.7  0.583696
10936.8  0.592626
10980.9  0.164039
11025  0.258364
11069.1  0.248345
11113.2  0.387177
11157.3  0.314407
11201.4  0.610932
11245.5  0.800504
11289.6  0.430028
11333.7  0.285896
11377.8  0.163831
11421.9  0.351588
11466  0.735677
11510.1  0.422851
11554.2  0.236014
11598.3  0.582919
11642.4  0.212035
11686.5  0.458148
11730.6  0.215486
11774.7  0.10371
11818.8  0.30194
11862.9  0.227821
11907  0.657962
11951.1  0.249394
11995.2  0.270649
12039.3  0.303164
12083.4  0.346531
12127.5  0.216605
12171.6  0.490907
12215.7  0.314124
12259.8  0.327741
12303.9  0.0617811
12348  0.260317
12392.1  0.084287
12436.2  0.149228
12480.3  0.185701
12524.4  0.218654
12568.5  0.381469
12612.6  0.287098
12656.7  0.42036
12700.8  0.45427
12744.9  0.139629
12789  0.542024
12833.1  0.407181
12877.2  0.478048
12921.3  0.152215
12965.4  0.155699
13009.5  0.423887
13053.6  0.504707
13097.7  0.15058
13141.8  0.144617
13185.9  0.257795
13230  0.102116
13274.1  0.625362
13318.2  0.274435
13362.3  0.244519
13406.4  0.179481
13450.5  0.686963
13494.6  0.230099
13538.7  0.477999
13582.8  0.131219
13626.9  0.340425
13671  0.196107
13715.1  0.42107
13759.2  0.0383621
13803.3  0.342245
13847.4  0.413474
13891.5  0.207365
13935.6  0.347244
13979.7  0.330324
14023.8  0.106674
14067.9  0.122545
14112  0.159399
14156.1  0.191821
14200.2  0.273275
14244.3  0.132679
14288.4  0.192466
14332.5  0.0983259
14376.6  0.200962
14420.7  0.125743
14464.8  0.282115
14508.9  0.180017
14553  0.254754
14597.1  0.15847
14641.2  0.443908
14685.3  0.523984
14729.4  0.13914
14773.5  0.364817
14817.6  0.086298
14861.7  0.241855
14905.8  0.100572
14949.9  0.034473
14994  0.0789473
15038.1  0.219427
15082.2  0.22721
15126.3  0.272587
15170.4  0.386289
15214.5  0.340802
15258.6  0.188698
15302.7  0.109758
15346.8  0.397303
15390.9  0.209251
15435  0.336311
15479.1  0.302323
15523.2  0.22884
15567.3  0.0903283
15611.4  0.280556
15655.5  0.138542
15699.6  0.103847
15743.7  0.0749643
15787.8  0.304442
15831.9  0.216383
15876  0.342277
15920.1  0.165285
15964.2  0.0502535
16008.3  0.0844852
16052.4  0.27628
16096.5  0.21511
16140.6  0.0453519
16184.7  0.304891
16228.8  0.17652
16272.9  0.070569
16317  0.044686
16361.1  0.37591
16405.2  0.21858
16449.3  0.30119
16493.4  0.311564
16537.5  0.249639
16581.6  0.0321819
16625.7  0.160234
16669.8  0.25321
16713.9  0.237725
16758  0.105777
16802.1  0.171364
16846.2  0.205106
16890.3  0.0923593
16934.4  0.0638184
16978.5  0.196958
17022.6  0.112142
17066.7  0.208591
17110.8  0.27736
17154.9  0.207086
17199  0.0608985
17243.1  0.192312
17287.2  0.234089
17331.3  0.161642
17375.4  0.213354
17419.5  0.171447
17463.6  0.0526978
17507.7  0.0913358
17551.8  0.0482563
17595.9  0.134381
17640  0.0466616
17684.1  0.165386
17728.2  0.284206
17772.3  0.100735
17816.4  0.198363
17860.5  0.0909996
17904.6  0.153583
17948.7  0.0568709
17992.8  0.0977538
18036.9  0.111075
18081  0.0926854
18125.1  0.0571258
18169.2  0.0496616
18213.3  0.200312
18257.4  0.141665
18301.5  0.15287
18345.6  0.175178
18389.7  0.0745217
18433.8  0.167141
18477.9  0.0122645
18522  0.081332
18566.1  0.256283
18610.2  0.0936204
18654.3  0.16267
18698.4  0.128429
18742.5  0.0601473
18786.6  0.00601232
18830.7  0.101927
18874.8  0.100719
18918.9  0.0968232
18963  0.0141863
19007.1  0.132142
19051.2  0.065398
19095.3  0.0544339
19139.4  0.192352
19183.5  0.156464
19227.6  0.12031
19271.7  0.139528
19315.8  0.0519866
19359.9  0.0890931
19404  0.145751
19448.1  0.174895
19492.2  0.0859337
19536.3  0.117455
19580.4  0.12948
19624.5  0.111161
19668.6  0.0526457
19712.7  0.114986
19756.8  0.0692249
19800.9  0.132554
19845  0.108249
19889.1  0.017664
19933.2  0.0603958
19977.3  0.114989
20021.4  0.0347903
20065.5  0.0457979
20109.6  0.0351738
20153.7  0.089061
20197.8  0.0368752
20241.9  0.0508898
20286  0.0811449
20330.1  0.0528005
20374.2  0.0352906
20418.3  0.0223479
20462.4  0.0219877
20506.5  0.0298938
20550.6  0.0448469
20594.7  0.0228537
20638.8  0.0656332
20682.9  0.0172739
20727  0.0285814
20771.1  0.0183767
20815.2  0.0392314
20859.3  0.0407817
20903.4  0.0311518
20947.5  0.0358677
20991.6  0.0235166
21035.7  0.029777
21079.8  0.0364178
21123.9  0.0283616
21168  0.0297757
21212.1  0.0391224
21256.2  0.0304763
21300.3  0.0312857
21344.4  0.025797
21388.5  0.0279888
21432.6  0.024558
21476.7  0.0419577
21520.8  0.0352857
21564.9  0.03526
21609  0.0222263
21653.1  0.0269931
21697.2  0.022257
21741.3  0.0446558
21785.4  0.0386216
21829.5  0.0395756
21873.6  0.0185844
21917.7  0.0256171
21961.8  0.0201736
22005.9  0.042937
22050  0.0361633
22094.1  0.0430221
22138.2  0.0199471
22182.3  0.0259637
22226.4  0.0177889
22270.5  0.0390409
22314.6  0.0377597
22358.7  0.0445857
22402.8  0.02209
22446.9  0.0261289
22491  0.022325
22535.1  0.034875
22579.2  0.0350022
22623.3  0.0420665
22667.4  0.024506
22711.5  0.0281747
22755.6  0.025562
22799.7  0.031575
22843.8  0.0309092
22887.9  0.0394939
22932  0.029629
22976.1  0.0277683
23020.2  0.0359876
23064.3  0.0298891
23108.4  0.0232901
23152.5  0.035701
23196.6  0.0308057
23240.7  0.0403851
23284.8  0.0388275
23328.9  0.0179872
23373  0.0284232
23417.1  0.0173536
23461.2  0.066279
23505.3  0.0229369
23549.4  0.0449154
23593.5  0.0299604
23637.6  0.0217653
23681.7  0.0222617
23725.8  0.0352769
23769.9  0.0542556
23814  0.0814839
23858.1  0.0514396
23902.2  0.0367308
23946.3  0.0891346
23990.4  0.0352263
24034.5  0.0452387
24078.6  0.0347562
24122.7  0.115225
24166.8  0.0603172
24210.9  0.018041
24255  0.108127
24299.1  0.132837
24343.2  0.0694974
24387.3  0.114887
24431.4  0.0528307
24475.5  0.111156
24519.6  0.129584
24563.7  0.11766
24607.8  0.0857194
24651.9  0.175277
24696  0.144918
24740.1  0.0893201
24784.2  0.0515859
24828.3  0.139469
24872.4  0.120188
24916.5  0.157471
24960.6  0.190792
25004.7  0.0545331
25048.8  0.0656291
25092.9  0.133749
25137  0.0137631
25181.1  0.0971634
25225.2  0.100626
25269.3  0.101829
25313.4  0.00577677
25357.5  0.0597901
25401.6  0.128606
25445.7  0.162634
25489.8  0.0936683
25533.9  0.255776
25578  0.0816876
25622.1  0.0118739
25666.2  0.166165
25710.3  0.0744365
25754.4  0.175304
25798.5  0.153152
25842.6  0.141576
25886.7  0.200225
25930.8  0.0499142
25974.9  0.0579778
26019  0.0927419
26063.1  0.110233
26107.2  0.0976615
26151.3  0.0566657
26195.4  0.153644
26239.5  0.0913327
26283.6  0.198335
26327.7  0.100549
26371.8  0.283226
26415.9  0.165145
26460  0.0467505
26504.1  0.134667
26548.2  0.0483415
26592.3  0.090496
26636.4  0.0536695
26680.5  0.171562
26724.6  0.213081
26768.7  0.160956
26812.8  0.234427
26856.9  0.192322
26901  0.06025
26945.1  0.207053
26989.2  0.277362
27033.3  0.208462
27077.4  0.112425
27121.5  0.197257
27165.6  0.0636506
27209.7  0.0925271
27253.8  0.204976
27297.9  0.170989
27342  0.105355
27386.1  0.23815
27430.2  0.253421
27474.3  0.160529
27518.4  0.0321005
27562.5  0.24949
27606.6  0.311745
27650.7  0.301455
27694.8  0.216765
27738.9  0.375722
27783  0.043951
27827.1  0.0708189
27871.2  0.176244
27915.3  0.305857
27959.4  0.0455063
28003.5  0.214857
28047.6  0.276858
28091.7  0.084483
28135.8  0.0493463
28179.9  0.165131
28224  0.341989
28268.1  0.214791
28312.2  0.304669
28356.3  0.0745987
28400.4  0.105343
28444.5  0.138875
28488.6  0.280107
28532.7  0.0900459
28576.8  0.229457
28620.9  0.302329
28665  0.336167
28709.1  0.207949
28753.2  0.397526
28797.3  0.109667
28841.4  0.188546
28885.5  0.339873
28929.6  0.386633
28973.7  0.273537
29017.8  0.227285
29061.9  0.219582
29106  0.0793217
29150.1  0.0345424
29194.2  0.100003
29238.3  0.242272
29282.4  0.0867046
29326.5  0.365252
29370.6  0.139246
29414.7  0.524437
29458.8  0.444465
29502.9  0.158477
29547  0.254178
29591.1  0.18045
29635.2  0.282241
29679.3  0.124713
29723.4  0.201262
29767.5  0.0987272
29811.6  0.191986
29855.7  0.133345
29899.8  0.272449
29943.9  0.19146
29988  0.159365
30032.1  0.122723
30076.2  0.107304
30120.3  0.330505
30164.4  0.346577
30208.5  0.207416
30252.6  0.413074
30296.7  0.341991
30340.8  0.0386322
30384.9  0.421263
30429  0.196365
30473.1  0.340396
30517.2  0.130868
30561.3  0.478004
30605.4  0.230613
30649.5  0.686887
30693.6  0.17956
30737.7  0.243614
30781.8  0.274087
30825.9  0.625464
30870  0.101953
30914.1  0.25647
30958.2  0.1452
31002.3  0.150519
31046.4  0.504482
31090.5  0.424535
31134.6  0.154859
31178.7  0.152068
31222.8  0.477955
31266.9  0.407283
31311  0.542405
31355.1  0.139278
31399.2  0.454252
31443.3  0.420458
31487.4  0.287076
31531.5  0.381184
31575.6  0.218927
31619.7  0.185722
31663.8  0.149303
31707.9  0.0840877
31752  0.260747
31796.1  0.0615993
31840.2  0.32802
31884.3  0.313823
31928.4  0.49074
31972.5  0.216604
32016.6  0.34693
32060.7  0.303249
32104.8  0.270781
32148.9  0.249642
32193  0.657748
32237.1  0.227867
32281.2  0.302006
32325.3  0.103718
32369.4  0.215341
32413.5  0.457889
32457.6  0.21145
32501.7  0.582432
32545.8  0.236039
32589.9  0.423828
32634  0.736155
32678.1  0.351548
32722.2  0.164002
32766.3  0.285862
32810.4  0.429945
32854.5  0.798836
32898.6  0.610936
32942.7  0.314548
32986.8  0.386651
33030.9  0.247983
33075  0.258405
33119.1  0.164051
33163.2  0.593255
33207.3  0.584152
33251.4  0.258452
33295.5  0.432719
33339.6  0.368568
33383.7  0.44168
33427.8  1.15498
33471.9  0.952308
33516  0.439601
33560.1  0.341398
33604.2  0.952707
33648.3  0.847933
33692.4  0.210673
33736.5  0.524371
33780.6  1.45583
33824.7  0.449254
33868.8  0.479658
33912.9  1.06224
33957  0.299716
34001.1  1.0738
34045.2  0.458524
34089.3  0.550441
34133.4  1.24307
34177.5  0.608458
34221.6  0.226279
34265.7  0.451037
34309.8  0.629374
34353.9  0.541211
34398  0.24549
34442.1  0.161604
34486.2  0.255113
34530.3  0.194636
34574.4  0.648941
34618.5  0.3647
34662.6  0.392416
34706.7  1.01954
34750.8  0.674604
34794.9  0.28115
34839  0.81082
34883.1  0.852311
34927.2  0.659352
34971.3  0.67238
35015.4  0.558287
35059.5  0.497302
35103.6  1.14421
35147.7  0.596207
35191.8  0.722738
35235.9  0.197915
35280  0.954844
35324.1  0.789986
35368.2  0.58711
35412.3  0.662219
35456.4  0.485463
35500.5  1.1044
35544.6  0.689319
35588.7  0.27758
35632.8  0.241118
35676.9  0.93704
35721  0.117854
35765.1  0.387806
35809.2  0.608195
35853.3  0.673441
35897.4  0.334981
35941.5  0.267764
35985.6  0.563447
36029.7  0.953981
36073.8  0.252771
36117.9  0.441661
36162  0.268192
36206.1  0.390118
36250.2  1.25052
36294.3  1.03151
36338.4  0.327958
36382.5  0.740199
36426.6  0.843518
36470.7  0.485935
36514.8  1.8752
36558.9  0.181151
36603  2.46391
36647.1  2.07278
36691.2  1.04274
36735.3  0.312348
36779.4  0.871599
36823.5  1.09782
36867.6  1.41889
36911.7  1.23484
36955.8  0.608145
36999.9  2.16823
37044  1.97681
37088.1  0.698637
37132.2  1.32892
37176.3  1.28514
37220.4  0.553613
37264.5  0.485841
37308.6  0.72478
37352.7  0.975284
37396.8  1.96609
37440.9  0.630945
37485  0.717484
37529.1  0.563695
37573.2  0.960521
37617.3  0.221639
37661.4  0.164346
37705.5  0.929824
37749.6  0.48825
37793.7  0.805571
37837.8  0.229708
37881.9  0.520039
37926  0.40747
37970.1  0.292522
38014.2  0.0569955
38058.3  0.955431
38102.4  1.21711
38146.5  0.501557
38190.6  1.33266
38234.7  0.255824
38278.8  1.13241
38322.9  0.951878
38367  0.204275
38411.1  0.837193
38455.2  0.200577
38499.3  0.919948
38543.4  1.14346
38587.5  1.2487
38631.6  0.233392
38675.7  0.477657
38719.8  0.361954
38763.9  1.20552
38808  1.04603
38852.1  0.22501
38896.2  0.227679
38940.3  0.590874
38984.4  0.903207
39028.5  0.842842
39072.6  0.719431
39116.7  1.31594
39160.8  1.42465
39204.9  2.20555
39249  2.28083
39293.1  0.451146
39337.2  0.637733
39381.3  0.903645
39425.4  0.515681
39469.5  1.73806
39513.6  1.06736
39557.7  1.22585
39601.8  1.23268
39645.9  1.00967
39690  0.965143
39734.1  1.86473
39778.2  0.390245
39822.3  1.50424
39866.4  0.700236
39910.5  0.689841
39954.6  0.750138
39998.7  1.11015
40042.8  0.8992
40086.9  0.470943
40131  1.36883
40175.1  1.74602
40219.2  1.01658
40263.3  0.99083
40307.4  1.45074
40351.5  0.290915
40395.6  0.560322
40439.7  1.9423
40483.8  0.735049
40527.9  1.26015
40572  1.4009
40616.1  1.02407
40660.2  1.21302
40704.3  1.0725
40748.4  0.593225
40792.5  1.51948
40836.6  0.290206
40880.7  0.0234377
40924.8  1.24148
40968.9  1.74195
41013  0.828201
41057.1  0.971307
41101.2  2.37161
41145.3  0.340894
41189.4  0.629048
41233.5  0.349869
41277.6  1.05195
41321.7  1.70531
41365.8  1.26612
41409.9  1.08861
41454  1.26612
41498.1  1.76716
41542.2  1.38886
41586.3  1.58233
41630.4  0.89232
41674.5  1.51369
41718.6  1.62374
41762.7  3.112
41806.8  3.17521
41850.9  3.73255
41895  1.52814
41939.1  2.51055
41983.2  3.84047
42027.3  5.71952
42071.4  1.23499
42115.5  1.45196
42159.6  0.804999
42203.7  2.88936
42247.8  3.07863
42291.9  2.75093
42336  0.169594
42380.1  1.07098
42424.2  1.86651
42468.3  1.46207
42512.4  5.15366
42556.5  3.86805
42600.6  2.63926
42644.7  1.64494
42688.8  1.34063
42732.9  2.70837
42777  5.99999
42821.1  3.44098
42865.2  2.34885
42909.3  2.2026
42953.4  1.58489
42997.5  2.17171
43041.6  1.87229
43085.7  2.63907
43129.8  1.72545
43173.9  4.65789
43218  2.40493
43262.1  3.75804
43306.2  4.97122
43350.3  2.35368
43394.4  3.15661
43438.5  4.02233
43482.6  1.47168
43526.7  4.81568
43570.8  4.04145
43614.9  1.66204
43659  6.86378
43703.1  9.51007
43747.2  0.824593
43791.3  4.8651
43835.4  21.5762
43879.5  12.1643
43923.6  29.2307
43967.7  18.5678
44011.8  45.5171
44055.9  117.788
