0  -0.059021
1  -0.0389404
2  -0.00735474
3  0.0182495
4  0.00860596
5  0.00738525
6  0.00958252
7  0.00634766
8  -0.00390625
9  -0.0374146
10  -0.0489197
11  -0.062439
12  -0.0776062
13  -0.108032
14  -0.0793152
15  -0.046814
16  -0.0627136
17  -0.0512085
18  -0.0690002
19  -0.0906677
20  -0.0516663
21  -0.0151978
22  -0.0551758
23  -0.078949
24  -0.0896301
25  -0.11322
26  -0.111786
27  -0.115326
28  -0.112549
29  -0.10611
30  -0.0859375
31  -0.0574951
32  -0.045166
33  -0.0603638
34  -0.0824585
35  -0.121704
36  -0.148407
37  -0.128265
38  -0.0920105
39  -0.041687
40  -0.00506592
41  0.00769043
42  -0.0680237
43  -0.143585
44  -0.146667
45  -0.15976
46  -0.170319
47  -0.18338
48  -0.172668
49  -0.151611
50  -0.13855
51  -0.148712
52  -0.196289
53  -0.247284
54  -0.261688
55  -0.2229
56  -0.187408
57  -0.1604
58  -0.143646
59  -0.131897
60  -0.129578
61  -0.12027
62  -0.0946045
63  -0.117218
64  -0.14032
65  -0.135284
66  -0.142151
67  -0.171051
68  -0.179932
69  -0.156403
70  -0.158813
71  -0.18158
72  -0.239258
73  -0.300232
74  -0.298004
75  -0.268677
76  -0.238525
77  -0.227509
78  -0.239197
79  -0.232971
80  -0.212952
81  -0.212402
82  -0.239166
83  -0.26532
84  -0.279022
85  -0.302673
86  -0.305664
87  -0.292908
88  -0.322784
89  -0.345093
90  -0.329498
91  -0.316162
92  -0.297729
93  -0.28894
94  -0.30014
95  -0.295319
96  -0.265808
97  -0.272949
98  -0.305756
99  -0.318207
100  -0.32608
101  -0.303589
102  -0.284119
103  -0.295593
104  -0.330109
105  -0.372162
106  -0.372437
107  -0.373566
108  -0.39328
109  -0.372406
110  -0.348175
111  -0.369873
112  -0.377563
113  -0.365723
114  -0.338898
115  -0.331543
116  -0.362244
117  -0.369019
118  -0.354156
119  -0.310822
120  -0.281219
121  -0.296356
122  -0.32077
123  -0.317383
124  -0.325592
125  -0.362976
126  -0.371094
127  -0.356476
128  -0.34024
129  -0.354187
130  -0.385956
131  -0.383698
132  -0.344788
133  -0.331207
134  -0.366058
135  -0.386841
136  -0.343781
137  -0.296753
138  -0.29718
139  -0.284943
140  -0.251526
141  -0.270203
142  -0.323303
143  -0.322937
144  -0.283112
145  -0.243347
146  -0.254852
147  -0.296143
148  -0.299591
149  -0.287262
150  -0.279602
151  -0.271362
152  -0.264069
153  -0.284637
154  -0.290771
155  -0.276215
156  -0.26178
157  -0.240631
158  -0.259094
159  -0.285583
160  -0.287445
161  -0.303497
162  -0.305267
163  -0.278442
164  -0.276276
165  -0.263062
166  -0.254791
167  -0.287537
168  -0.283966
169  -0.262787
170  -0.246399
171  -0.260529
172  -0.286041
173  -0.284393
174  -0.283447
175  -0.265778
176  -0.254822
177  -0.259216
178  -0.24585
179  -0.250061
180  -0.264954
181  -0.236298
182  -0.216919
183  -0.227295
184  -0.229492
185  -0.23468
186  -0.252777
187  -0.290619
188  -0.272003
189  -0.223083
190  -0.205109
191  -0.206573
192  -0.199829
193  -0.180237
194  -0.168518
195  -0.160797
196  -0.17041
197  -0.163055
198  -0.134216
199  -0.12619
200  -0.140961
201  -0.147034
202  -0.128479
203  -0.104889
204  -0.118073
205  -0.144867
206  -0.132568
207  -0.13205
208  -0.158539
209  -0.175934
210  -0.180908
211  -0.168243
212  -0.165558
213  -0.162262
214  -0.139038
215  -0.117676
216  -0.0934143
217  -0.0949707
218  -0.133636
219  -0.168549
220  -0.152435
221  -0.110626
222  -0.103607
223  -0.10379
224  -0.117096
225  -0.144897
226  -0.145721
227  -0.121796
228  -0.117981
229  -0.113983
230  -0.0986938
231  -0.0985107
232  -0.0822449
233  -0.0775452
234  -0.0796509
235  -0.0882874
236  -0.0844116
237  -0.0620117
238  -0.0603638
239  -0.0515137
240  -0.0733032
241  -0.0886536
242  -0.0721741
243  -0.0772705
244  -0.0793152
245  -0.0741272
246  -0.0733643
247  -0.0864563
248  -0.101685
249  -0.0864563
250  -0.0452881
251  -0.0214844
252  -0.0514832
253  -0.0857849
254  -0.0784607
255  -0.0459595
256  -0.023407
257  -0.0263977
258  -0.0431213
259  -0.0653992
260  -0.0783691
261  -0.0641479
262  -0.0502014
263  -0.0523987
264  -0.0585022
265  -0.0719604
266  -0.0841064
267  -0.110443
268  -0.115967
269  -0.104858
270  -0.0968323
271  -0.0868835
272  -0.109772
273  -0.105408
274  -0.111755
275  -0.139465
276  -0.131714
277  -0.126892
278  -0.11969
279  -0.129517
280  -0.141327
281  -0.117554
282  -0.0945435
283  -0.0791321
284  -0.0856628
285  -0.104279
286  -0.113434
287  -0.144257
288  -0.153839
289  -0.134247
290  -0.126526
291  -0.136444
292  -0.138397
293  -0.107849
294  -0.0774536
295  -0.065918
296  -0.073761
297  -0.0632019
298  -0.0710754
299  -0.10968
300  -0.120453
301  -0.111633
302  -0.0888367
303  -0.0882874
304  -0.107788
305  -0.116882
306  -0.111816
307  -0.104523
308  -0.102509
309  -0.0964355
310  -0.0917053
311  -0.0845947
312  -0.0953979
313  -0.0900269
314  -0.0629272
315  -0.0692749
316  -0.0638428
317  -0.0368652
318  -0.0177612
319  -0.00402832
320  -0.012207
321  -0.00662231
322  0.00765991
323  -0.0162964
324  -0.0398865
325  -0.0510559
326  -0.0475159
327  -0.0426331
328  -0.0514526
329  -0.0518799
330  -0.049408
331  -0.0524597
332  -0.0535278
333  -0.052887
334  -0.060791
335  -0.0754089
336  -0.0891724
337  -0.0765686
338  -0.0647278
339  -0.054718
340  -0.000671387
341  0.0172424
342  -0.0015564
343  -0.000213623
344  0.00195312
345  0.0174561
346  0.015686
347  -0.00170898
348  0.0268555
349  0.0327454
350  0.00299072
351  -0.00857544
352  0.00421143
353  0.0316467
354  0.0176086
355  -0.00213623
356  0.000457764
357  0.020813
358  0.0359192
359  0.041626
360  0.0433044
361  0.032959
362  0.0484009
363  0.0735474
364  0.0983887
365  0.103149
366  0.0831604
367  0.0640869
368  0.072876
369  0.0899963
370  0.0831604
371  0.0563049
372  0.0251465
373  0.0496521
374  0.0910034
375  0.111847
376  0.10379
377  0.0720215
378  0.0645447
379  0.0752563
380  0.0845032
381  0.0799561
382  0.078186
383  0.0757751
384  0.0653992
385  0.0464783
386  0.0518494
387  0.0870056
388  0.103271
389  0.0921936
390  0.0776062
391  0.106903
392  0.147858
393  0.13974
394  0.12149
395  0.139557
396  0.127747
397  0.112854
398  0.134552
399  0.146027
400  0.152496
401  0.119629
402  0.109558
403  0.151184
404  0.173004
405  0.17218
406  0.152618
407  0.128113
408  0.106873
409  0.0917969
410  0.0823975
411  0.0934448
412  0.112762
413  0.110535
414  0.110016
415  0.112
416  0.106323
417  0.0924988
418  0.092865
419  0.102753
420  0.118469
421  0.139893
422  0.130554
423  0.113312
424  0.100525
425  0.0939636
426  0.0932617
427  0.0961914
428  0.12442
429  0.149841
430  0.14328
431  0.125061
432  0.120117
433  0.122803
434  0.134064
435  0.141815
436  0.114136
437  0.0950317
438  0.1073
439  0.127502
440  0.144775
441  0.143494
442  0.141846
443  0.127655
444  0.110474
445  0.125793
446  0.14682
447  0.153961
448  0.135132
449  0.104401
450  0.0979309
451  0.124268
452  0.139832
453  0.128418
454  0.133362
455  0.13501
456  0.161499
457  0.192871
458  0.177612
459  0.176514
460  0.183899
461  0.181
462  0.168304
463  0.195618
464  0.232697
465  0.211334
466  0.167542
467  0.142426
468  0.154877
469  0.16333
470  0.153015
471  0.132019
472  0.127045
473  0.144684
474  0.162109
475  0.166748
476  0.16037
477  0.153168
478  0.141083
479  0.154633
480  0.169861
481  0.164978
482  0.166779
483  0.162262
484  0.150085
485  0.186676
486  0.246368
487  0.267151
488  0.25708
489  0.237091
490  0.246887
491  0.24884
492  0.237701
493  0.233765
494  0.222137
495  0.197174
496  0.154327
497  0.143524
498  0.158844
499  0.183929
500  0.173798
501  0.14679
502  0.156982
503  0.199768
504  0.232819
505  0.231018
506  0.249847
507  0.244843
508  0.234253
509  0.269012
510  0.288483
511  0.30014
512  0.315735
513  0.310791
514  0.271698
515  0.250244
516  0.259216
517  0.256195
518  0.218719
519  0.189972
520  0.2117
521  0.235596
522  0.248688
523  0.248901
524  0.220398
525  0.239319
526  0.282776
527  0.302124
528  0.320953
529  0.324158
530  0.30661
531  0.309174
532  0.329315
533  0.337006
534  0.328064
535  0.316803
536  0.319794
537  0.326935
538  0.322083
539  0.294403
540  0.277008
541  0.269562
542  0.246674
543  0.227386
544  0.240845
545  0.267761
546  0.280945
547  0.269867
548  0.252136
549  0.240051
550  0.229889
551  0.253998
552  0.255768
553  0.22525
554  0.224426
555  0.224548
556  0.201599
557  0.191071
558  0.192261
559  0.201019
560  0.214325
561  0.221741
562  0.220856
563  0.225586
564  0.270386
565  0.286652
566  0.253662
567  0.230957
568  0.238708
569  0.24176
570  0.221924
571  0.216125
572  0.243683
573  0.265686
574  0.271271
575  0.273376
576  0.240936
577  0.220459
578  0.219208
579  0.210571
580  0.201508
581  0.207367
582  0.211609
583  0.20108
584  0.22052
585  0.25119
586  0.262421
587  0.255249
588  0.260132
589  0.260803
590  0.242065
591  0.247375
592  0.255981
593  0.260284
594  0.251495
595  0.228546
596  0.215973
597  0.185425
598  0.190857
599  0.231628
600  0.219604
601  0.190979
602  0.170776
603  0.156494
604  0.168121
605  0.18515
606  0.149994
607  0.0966492
608  0.0864868
609  0.0809937
610  0.091156
611  0.102081
612  0.0805359
613  0.0541687
614  0.0509949
615  0.067688
616  0.0585632
617  0.0576172
618  0.0805359
619  0.0537415
620  0.0119629
621  0.0210266
622  0.053772
623  0.0842896
624  0.0947266
625  0.0677795
626  0.0560608
627  0.0783081
628  0.0721741
629  0.0834656
630  0.0975647
631  0.0760498
632  0.0534973
633  0.0278015
634  0.038147
635  0.0542603
636  0.0406189
637  0.0298767
638  0.0397644
639  0.0316467
640  0.00839233
641  -0.00604248
642  -0.0185547
643  -0.00808716
644  0.00384521
645  -0.00402832
646  -0.0314331
647  -0.0367737
648  -0.0253601
649  -0.0420837
650  -0.0585938
651  -0.0572815
652  -0.0525208
653  -0.0418396
654  -0.0389099
655  -0.0410156
656  -0.0185547
657  -0.0113831
658  -0.0101624
659  -0.00802612
660  -0.0361633
661  -0.0415039
662  -0.0380859
663  -0.0624084
664  -0.0820618
665  -0.0815125
666  -0.0706787
667  -0.0717773
668  -0.0585938
669  -0.0341797
670  -0.0206299
671  -0.0174561
672  -0.0327759
673  -0.0472107
674  -0.0468445
675  -0.0153809
676  0.00860596
677  0.0311584
678  0.0350342
679  0.0308533
680  0.0441589
681  0.032074
682  0.0230408
683  -0.00149536
684  -0.0143738
685  -0.00765991
686  -0.0346985
687  -0.0802612
688  -0.0939941
689  -0.0735168
690  -0.04245
691  -0.0292664
692  -0.0613403
693  -0.075531
694  -0.0516052
695  -0.0164795
696  0.0137939
697  0.0246582
698  0.0407715
699  0.0549622
700  0.0357361
701  0.0259705
702  0.0493469
703  0.055481
704  0.0548096
705  0.0430908
706  0.0357971
707  0.0372009
708  0.00143433
709  -0.0185242
710  0.00436401
711  0.0105591
712  -0.0118103
713  -0.0122375
714  0.0135803
715  0.019165
716  -0.00238037
717  -0.015686
718  -0.0322571
719  -0.0395813
720  -0.0370483
721  -0.0545654
722  -0.0540771
723  -0.0584717
724  -0.0595093
725  -0.0295715
726  -0.0163879
727  -0.0152588
728  0.00427246
729  0.0143433
730  -0.0137634
731  -0.0463562
732  -0.0628357
733  -0.0570679
734  -0.0393982
735  -0.0361938
736  -0.0474243
737  -0.0704041
738  -0.0841064
739  -0.0796509
740  -0.061676
741  -0.0484009
742  -0.059082
743  -0.0780945
744  -0.0797119
745  -0.065979
746  -0.0715637
747  -0.0849915
748  -0.0992737
749  -0.124695
750  -0.149536
751  -0.14978
752  -0.136841
753  -0.158539
754  -0.188599
755  -0.203949
756  -0.190491
757  -0.167816
758  -0.154144
759  -0.151733
760  -0.165527
761  -0.177216
762  -0.200775
763  -0.18808
764  -0.154419
765  -0.159241
766  -0.17868
767  -0.189636
768  -0.196106
769  -0.203552
770  -0.192596
771  -0.183685
772  -0.210541
773  -0.24231
774  -0.261169
775  -0.279663
776  -0.263214
777  -0.23761
778  -0.248474
779  -0.255859
780  -0.260223
781  -0.25705
782  -0.240295
783  -0.239441
784  -0.230896
785  -0.231934
786  -0.266876
787  -0.279205
788  -0.259338
789  -0.235718
790  -0.224243
791  -0.240051
792  -0.260834
793  -0.265717
794  -0.240448
795  -0.209869
796  -0.223053
797  -0.255981
798  -0.274689
799  -0.287964
800  -0.27829
801  -0.247284
802  -0.227631
803  -0.22818
804  -0.270264
805  -0.30661
806  -0.309631
807  -0.301575
808  -0.289032
809  -0.297211
810  -0.303314
811  -0.314484
812  -0.327026
813  -0.305054
814  -0.282715
815  -0.294098
816  -0.330139
817  -0.360168
818  -0.362793
819  -0.35672
820  -0.355011
821  -0.338074
822  -0.326813
823  -0.335083
824  -0.305084
825  -0.257141
826  -0.265991
827  -0.284302
828  -0.276184
829  -0.275238
830  -0.255737
831  -0.254913
832  -0.283447
833  -0.290771
834  -0.292023
835  -0.306427
836  -0.323853
837  -0.338837
838  -0.345856
839  -0.348236
840  -0.346039
841  -0.330048
842  -0.322327
843  -0.33255
844  -0.330688
845  -0.299774
846  -0.285461
847  -0.30661
848  -0.319458
849  -0.318665
850  -0.301727
851  -0.306091
852  -0.329071
853  -0.351105
854  -0.352722
855  -0.357666
856  -0.389374
857  -0.398834
858  -0.379211
859  -0.357208
860  -0.338593
861  -0.350739
862  -0.359894
863  -0.353424
864  -0.364624
865  -0.368134
866  -0.338898
867  -0.31955
868  -0.339355
869  -0.335938
870  -0.321014
871  -0.335724
872  -0.352631
873  -0.370422
874  -0.383606
875  -0.390961
876  -0.421356
877  -0.460754
878  -0.457123
879  -0.426147
880  -0.422699
881  -0.446655
882  -0.465698
883  -0.440155
884  -0.396118
885  -0.39386
886  -0.408722
887  -0.379181
888  -0.338257
889  -0.346771
890  -0.365997
891  -0.365997
892  -0.350128
893  -0.355225
894  -0.386444
895  -0.39209
896  -0.375946
897  -0.36026
898  -0.352356
899  -0.358002
900  -0.353485
901  -0.334259
902  -0.321136
903  -0.292572
904  -0.259674
905  -0.25238
906  -0.262787
907  -0.27066
908  -0.27356
909  -0.257263
910  -0.235229
911  -0.250824
912  -0.261505
913  -0.246979
914  -0.242645
915  -0.259949
916  -0.279999
917  -0.279388
918  -0.288727
919  -0.317139
920  -0.311676
921  -0.293671
922  -0.293243
923  -0.280792
924  -0.283936
925  -0.300354
926  -0.297058
927  -0.289551
928  -0.283539
929  -0.262665
930  -0.249908
931  -0.26535
932  -0.267822
933  -0.244751
934  -0.239227
935  -0.261475
936  -0.275482
937  -0.276947
938  -0.299866
939  -0.305145
940  -0.294159
941  -0.329132
942  -0.340027
943  -0.336792
944  -0.355347
945  -0.347809
946  -0.328949
947  -0.312775
948  -0.306915
949  -0.302612
950  -0.289368
951  -0.276428
952  -0.278503
953  -0.279602
954  -0.281158
955  -0.304169
956  -0.311493
957  -0.290649
958  -0.271057
959  -0.256592
960  -0.270874
961  -0.306396
962  -0.286957
963  -0.241791
964  -0.226562
965  -0.229401
966  -0.234894
967  -0.229767
968  -0.212341
969  -0.191254
970  -0.199799
971  -0.203186
972  -0.188812
973  -0.20755
974  -0.210236
975  -0.198853
976  -0.212158
977  -0.216522
978  -0.217346
979  -0.220703
980  -0.233826
981  -0.253204
982  -0.241791
983  -0.239319
984  -0.251434
985  -0.246307
986  -0.233368
987  -0.223236
988  -0.22641
989  -0.226654
990  -0.232941
991  -0.233032
992  -0.193909
993  -0.15506
994  -0.138519
995  -0.137573
996  -0.144867
997  -0.129333
998  -0.114777
999  -0.119965